37.9kHz (26.4µs period)
on      off
4.54    4.54

570     1.7
570     1.7
570     1.7

570     565
570     565
570     565
570     565
570     565

570     1.7
570     1.7
570     1.7

570     565
570     565
570     565
570     565
570     565

570     1.7
570     1.7
570     1.7
570     1.7

570     565
570     565
570     565
570     565
570     565
570     565
570     565
570     565

570     1.7
570     1.7
570     1.7
570     1.7

570     46.6

unique pairs
index   on      off
0       0.570   0.570
1       0.570   1.7
2       0.570   46
3       4.5     4.5

code pair index
3 11
1 01
1 01
1 01
0 00
0 00
0 00
0 00
0 00
1 01
1 01
1 01
0 00
0 00
0 00
0 00
0 00
1 01
1 01
1 01
1 01
0 00
0 00
0 00
0 00
0 00
0 00
0 00
0 00
1 01
1 01
1 01
1 01
2 10

11010101
00000000
00010101
00000000
00010101
01000000
00000000
00010101
01101101
01010000
00000001
01010000
00000001
01010100
00000000
00000001
01010110
